24
011010101011000100000011
000001010011010110110110
010010110000001001011000
111001000001000111110110
010100111001011011101011
101010011100010001100100
010101000101101101100111
100100100010011111001111
011100110011000101000000
111110011010100101010001
001111100001111100011111
001001010100010101001000
111111011001001111010001
101100101100101010010110
110101001101000010010000
001011000000011011111111
101001101111000001100001
110000000010011000111001
101000011111111000000111
100011111001000010101011
110101101100111010100100
101010001101101011010001
001001001101101011001100
011101001001011000001010

21
001001101001011000001
100100111000100001110
010011001101011001011
101011111101000001011
110000010100100001110
010010100100001101101
001010011000110111111
101001001100001001001
000011000001100101001
110000101011101100111
111111111001010111100
010011110000010010110
101101010011001100001
010111011100101010011
010110101011000000010
111110010001011001100
111111011100101100101
100000000101111010101
101100011000111000011
100001011010100111000
010010000011001100010

21
010010111101001100101
000000010000000101111
110101110001000111000
110010100111010100011
011001011111100111000
110100001100000101011
010011011010111100011
000101001101101010111
011100000100011011000
011000100001000101111
111001011101100111111
010001101000101000111
111101001100001010100
111011010111100010110
011111000110010000010
000000011001111010001
110101100101001000010
100100110001111110101
001111101000001110011
101010001000100101000
001010001000111010010

3
000
101
100

24
000011011110011101111011
100110001101110000110000
110001110111110011100101
101000100111011000110110
001100010011100001101000
010110001111111000011001
110011011010101100101101
010101001111111010101000
001110000001100101001011
000010101010010000111101
010000001001001101111101
100000100100100011010000
100100000110001000010100
000010101011100110100000
011010001101010000011100
011111010101101010100111
110111101110101001011011
010101110100111100100011
000001001001101010010101
001010111000010101000011
011100000001110101110000
110011011001010011011000
011011110111111000101100
010110010001111000001110

17
00111011111111000
10101101010001011
00001111100110010
01101001000111110
00000101000110000
10010001111010100
01011101000111101
00000000000101011
01011011000001001
00111011100110111
01111011110001011
01000100101001011
01000001101100101
00101100010010001
11101001101101010
10001110100011001
10111100000000100

7
0110110
0011010
0001110
1000010
0101011
0000001
1111000

23
00110001111100110000101
10111101110111001100010
00000010101100001001111
00101010100001000010010
10100111001010011010000
10110010101000000100100
11000001101110000101010
00110100011000100000101
00001001011001111101100
00111110000000011100011
01010000010000010001111
00011101111011010110000
10110101111001000101110
10101111011000010011000
01111110011111000001000
01110111000010100100110
10010111001111110001100
10111001001001101001111
11100111111010111101111
11011101010100010000000
01011010010101100001011
10001101100101101001001
01011110100111111001000

22
0101110101110001011010
0000000011111010110101
1101000011011100000110
0100110100110110010110
0110001111110000000001
0110100100010001000000
1111010111001011101100
0110000011000110011010
1001010001001111000001
0001010000001101110010
0010011111001101000010
0000001111101011100111
1001110100000011110110
1100111000011000100110
1010110001100100101011
0111100100000110011111
1011110110100001001011
0010111010110110100110
0111110011111100010100
1000110111100010100001
0100111010000000001100
1011011101101100011010

18
011100110001101001
001100001000110101
000011111101111001
001000111001001100
110101111110101101
110100111001011110
010000011110111001
010000000111001001
100000010100110100
110101000011010011
111101001000110011
010010101010100011
000101010100011110
100110010001000000
010000001111010010
101000110111011001
111110111000010101
000101001000111000

4
0110
0001
0100
1010

12
000001100110
101011111010
100101100011
110010100010
101000101000
000110010001
000001000000
101110100001
101101110010
011111111010
000011110001
110110101100

8
01100100
00100001
00000111
11101100
11100011
01001010
11010001
10010100

24
001101010101010101101101
100101101101110011001110
010111010001111110010100
000010011111010110110111
110000000010000101101110
000110101101011010100100
101110001011011000011010
010011101010111011101100
101010000110111010101010
001010110011111100110110
111001000001101011110010
000010011000100111101010
100111100000010110101010
000010000011001011001010
110110000001100001110001
010001111010011011100011
100010100100001000010000
001101101100100010101011
011000100000010010001111
110011011001110101101011
001101000110001110000100
000000101011111111010001
101001010000001010001101
011011111111110010001000

13
0101001101100
0010101101010
1000111001101
0110110011010
1000011110100
1100001101001
0001000110011
0011000000111
1110010101100
0000101100110
0101011000000
1010110010100
1101100011110

6
010010
000011
110110
110011
000001
101000

3
011
000
010

9
011100101
001011100
000110111
010000111
100100011
101110010
000011001
110000101
010001000

4
0010
1000
0100
1110

13
0011010101000
1001101001100
0100101010000
0010011111011
1001011101111
0110000111001
1000010011101
0110001001001
1100100101110
0010000000101
1011010100010
1110011101001
1110000010100

8
01101001
00100011
00011001
11001101
01000010
11101000
10110101
00001100

23
00011100011111111010110
10011010001101101100010
11011110110101000110110
00001110001010000111010
00000001000011100011001
01001000011101101010001
10001101011111001001011
11110100110110011000000
11011110001110011000011
01011000101110001001111
00101001000011001010010
00011000001000110000100
01100100000100010110010
00010001110110011000011
00110011111011001001111
01111110011000100100100
00111000000110010000110
10001111111101101011111
01000011110101111000100
11100101101111011010111
01011111101011000000001
00001101000100010010100
11110001001110011010010

7
0110101
0000011
0100110
1110100
0100000
1001100
0011110

20
00000110010101111111
10011100011101110100
11000101111001010000
10101001100010001011
10100111011111001000
00010001010010010100
01110100110000111111
11000010001000101001
11001101010001101110
00010001000001100000
10010110110001011110
00110111111011010000
11100011111000111010
00010111000010000010
00111100001101011110
00011001110001001010
01100100010101000100
00111001010111010001
01101101010100001101
01101100111111111000

17
01100011011000101
00101000111110100
00000011111011011
11100011011101000
10110000110000010
11111000110110011
01001101111000010
01001100101010110
10010000001111001
00000001101010100
00001100000111011
10101011010001101
10011010000101111
11001111010000001
00111110101001000
11010000110101100
01011011010000110

6
011101
000111
010111
000011
100000
000010

18
011000100101000010
001000000001110000
000000010000101110
111011000000010110
111000100001101100
111010111010001011
011100001110010111
110110100110010110
111110010110101011
011111000010001010
111110000000010100
001101111110111001
100101110110000101
101011001100101011
110100110010100111
110001001101010010
010010000011100000
111110010110000110

23
00010001010010000001000
10110011101101001101110
10000101010011110100101
00100001100011011010101
11110111111010101010110
11010001111101001101000
10110101001000110011111
00000000111000100101011
10100010011110101101111
01010010001110111101101
10110000000001000010110
10111011001001110111001
01000111001100110110101
10001011110010011100011
11010100001001011100100
11001101101000001000011
10100011001110000111101
10011010001000010011111
11100101110001110000010
00111000001011110010110
10000101000101010010001
10110100010110101000100
11001100001000100011010

25
0101101101100101110100101
0001100101011000010111000
1100010110110111010111000
0010001000101001000110101
0011001010010100101110100
1101100011110000100100001
0110010011000100010110011
0001111000000100010110111
1101000100111101001111111
0011100110010100110111001
0100101101010010110110011
1001001100000011101101110
1010111101110001011011010
0101010000111001101000100
1101111111001100011110010
0100111101100010011000000
0111001110001011000100100
0001110010010100100100101
1111011101100000110011011
0000000000001101001000010
1000010000010101110100010
1001111100100111110110010
0110011001101011001111001
1111110001000101110000101
0110100000011111100111000

7
0010000
1010000
0000010
1110001
1111010
1101001
1110100

9
001001100
100110010
010001100
101000001
101101100
010100111
010100010
101110000
111010110

15
010010111000001
000110111011011
110001100100000
101001100010110
001100111011101
110010101110011
000000011101001
001101000111111
001100010011111
110110001011101
101000100001110
101101000000001
111001100001001
101010100101100
001100000010010

12
010111010010
000000100101
110010000011
011000011011
010101101100
011100111100
101100000100
011010101001
111000100100
101100010000
010011111100
100011101110

14
01000111101000
00011111110001
11000100001000
10101110110111
10100100110100
00000000010100
00101100011110
00111110011001
00100111010001
10100000000110
01011100110000
11100001101011
11101101101001
10101110011000

15
010101100000001
000011011101011
110100100001100
010000101100100
101100100001000
001110010100011
010001010101101
101110000111010
101011110010001
101010001001101
111111100101011
100101001000111
110011011010010
101110101100000
001110010000110

7
0010011
1011010
0001101
1000001
1101010
0011001
0100100

25
0001100010111001101111001
1010100110110001010011110
1001010010010111010011110
0100111000000100001001011
0010001001111011101001101
1100101010110110001101010
1110000100001100111100000
1011110010000000100001100
0001101000110110001111010
1111011110111000001010101
0011001100000001101010011
0001001100100101000011000
0111010110110000001100001
1100100101101010101101010
1101001101111000111000100
0001011111001110011000010
0111010011011001001111001
1001110111111100101010010
0110000100010000000001001
0111100101110011011011010
0001111100001111001001101
0000001001101011010000000
1001011010111101111101011
1000101101011010101011000
0110011110010111010101010

16
0110010100101101
0001100000110100
0100100011101101
1010101100001111
1000010110011011
0111001111110011
1110100110011001
0110000011100010
1101000000010111
1101101010110011
0001101010001111
1011000100101010
0100010111000010
0000111101011010
1110001000000001
0100000100011100

5
00010
10010
11011
00001
11000

23
01010001111000001100111
00110110010110110110101
10001011100101011011001
00101110011111011001110
11000001101000000000101
10101000010110011001010
10001101101101011000111
01010100011001011110100
01010101011100101100001
00101010000111111001110
01100100010111101111001
10001001000011101110000
10101011100001100011000
11001100100000011110000
10111111000001010010101
10001000101110000100010
01001000000010110001100
00111110010010101000011
10011110110000011100110
11001011100101110110001
00100100101111010101011
01101001101111101001001
00010101010111011010000

3
001
100
010

21
010110011010010100101
000111100011110001011
110100110011100001101
000001000111000000111
001101001010110100101
101000001001110110000
100111001101010010001
010111101110010111101
011100000000010101001
111011001001010011010
000001101101010111100
100010011000000101101
100100111111000100000
001100000001100100110
111111111111110001001
011100100100001000110
111110001001111100001
100111100000110110111
010001101100101010001
101011111011101010100
000001000110110100010

6
000010
101000
100101
110000
011100
110110

9
010000011
000101000
110000001
101011111
111000110
101010001
111001011
011001000
010010010

10
0010111001
1001100101
0101111001
1000001000
0001001010
0101101111
0100000001
1011101000
1111001100
0001100110

22
0000111011001010011110
1010100011010100101111
1000100010111101000010
1110000101100001000100
0001010010110000010001
0111000100010111001010
0111110011001000000101
1110101000000001001011
0001010100000101011110
0010110110110100100001
1100011110000001010110
1001001110101000001111
0101110111100001101101
1001101100111011011101
0111101111111001111110
1100101001010000000010
1011111110110101000111
0111011101011001100111
0011101001100001110101
0010110101000001000000
0001101001001100001101
1011010010100011000100

22
0010010100111000110000
1010000101000111010100
0001111110001110110111
1100110101111111000010
1100010101010111100000
0100001000110011010001
1101100010011001100011
0000011011010000011100
1101110000000000101111
1010011010110110100011
0110101110000101101001
0110000010100011101100
0100110111110111110010
1000011110010000100110
1000001110100101111010
1010000111000100001111
0101010100000001000101
0001101011110101101101
1111111001001100100100
1001111001101010000010
1100110100110000111000
1101100100011110001110

22
0001000011100011011111
1001010110000010101100
1100110101100000111010
0010000111000000001100
1101000011101010101111
1001100011100100010101
1111110100110110000001
1000110000010111000010
0010001100101000010011
0100001110110000110101
0101000100011011011110
1111110010000011111001
1111011101010001000010
1111100011111000101010
0011010011001101010100
0111111011000100101111
1001011110101010000011
0101101100001101100101
0000011111001010110111
0010001110011100100001
0101011001010010010101
0111000100101110000000

3
010
001
100

17
00101100100001000
10001011111010001
01001101110011000
11101001001100110
00000111000001110
01010011011011001
10110000011010100
10000010010000001
00011111000111100
10011000101101101
10101001100010111
11101111001001010
10011001010100011
01010011001010010
11100101000111000
11100111110000100
10111010100101110

26
00111011101001101100001010
10110010010111100001110100
00000011010011000001011011
00101100001011000000100011
01100111101110010100100110
11100011010110011110100011
00010000011001010101001010
01010010000001100110000101
01110111010101100010101100
10011001000111011010110010
01100101110001110011101001
10110011001001011100101101
10000011101100011100000110
00001100000010001110010100
00111110010111010100101110
11110001100001001101111101
01111011101000100000001011
01110000111000001010011000
11111010000110111000110011
10011101110111101110011111
10100011000011001101010110
10011111101110101000001000
01011101010011000010100100
10110110011000001110010011
01000001101101010100011001
11001010110011100100111000

26
00010110011111001010011100
10001010101010011010001000
11000100110111110011100111
01100010011110111110111101
10110100101111100100000001
01010011101000110101000100
00101000111110000111011110
11111010010001101000010001
10010001001011010110001011
01001100101100011000011111
00100001000111110000111000
01000101100001001101111010
00000101010100010010110010
01010110010010000010011010
11000010110111011111101001
10001011000101001100011010
00101110101011000100001010
11100001011011000011110001
00001101011100011000111010
11011001111011011010011010
11001111110001011001001001
01101100100000101000100011
00101101000010000100010011
01001001101111111111111000
11011101001000100100100100
11000110001111011011000110

13
0100001100000
0011000001100
1001101000011
1000001001100
1101000010011
1111100001011
0100110111110
0111110001111
1111010101000
1010100000010
1010110011011
1101000010000
1101001011010

14
01011000111111
00110011100001
10011100100000
00000011110111
01010110100101
11010010101110
10100001101110
10101100110010
00000000010011
01101110000010
01111001110111
01100001110010
01101000000000
00100111010110

26
00100100111000101011111011
10000000001111101011011010
01010010110101110111111110
11001010101000001010110110
11100101001011101000011001
01110010110001001001001001
11001001001000011001011000
11110100000001001101110101
01001011000010010101101100
01011011100010111010011000
00100101110010101000101001
10011111111001101001011001
10110111000101000101001001
10010010111000101010110000
00010111100010000111011100
11011101001111100011010001
00100000100010110000101010
11011110011101011010111101
00001111101110001001111011
00011000011001001100100111
01001110010110110000001011
00000100101010001001100100
00010001000001010001010101
11001110011111011010100010
00001111111111110100011001
01110010110001101000010100

4
0001
1010
1001
0100

16
0101111101001000
0000111110101111
1100111110011100
0110111111011000
0000001101100111
0000101110111001
0000000101111101
0000000010010010
1000101001001001
0110010100111000
1011000110011010
1100100010000011
0000100100010011
1001010111111010
1011011011000000
1011000101100110

16
0111011111101011
0011010110001101
0000101100010100
0010001110111010
1101010010010111
0011001110010110
0100100101100001
0000100001110011
0010001101010110
0111110000000001
0110110011000011
1100001001100101
0010111111110100
1001001101100011
0110001001011000
0011010010001010

17
00101010010111011
10100011010011100
00011110111011110
11001000110101010
01000010100110111
11011000110101101
00010101110000101
10111100111100000
11000000011110010
00001000001001110
11011110000110000
01100010010010001
00010111010000010
00001011101110100
10010001101110011
01000111001101001
01110001111011000

5
00111
10101
00000
01101
00100

7
0101001
0010100
1001110
0100011
1001001
1100100
0110010

24
000110001001110101000100
100001111011110001101111
110010001001100111111101
011011001011001101111110
010000011001011100101011
101010011101100100011000
101111011011100001000100
101100000011111110011011
000000010100000010111110
111110110010010101101101
101011001000000110110001
000000001110011001110101
000110001111011011100111
001101101010000010001011
111001101110010010010110
010000101001111010111010
110111100101000001001010
000011011010011100000001
100001110000011011010010
110010100100110011001010
100000100011101001100100
000011010010010111110001
101001100111000001001101
100101101000001110111000

19
0001100000001100110
1010100100111010101
1000110111000010101
0110000100011001000
0001011001110101010
1101000011001100110
1111010101101101000
1000110011000111011
1101101000110011110
1101000010000011011
1011010101000100001
1010011101100011000
0010100111110010111
0111000011011010011
1001111000100001110
1110010000101100111
0001101101110100011
0111001000110000001
1001111010010010000

16
0101100001101010
0011111010011100
1000001001100001
0010011011001101
0011010111101010
1010000001001011
1000110100001110
1111010010111100
1010011001000010
0100001100101001
0101011010000010
1011111011101000
0010000010100100
1010110011110000
0111000101011101
1100101110111100

18
011010100111010001
001001010011001000
000001010101100111
111001000001001110
011101111000101000
100000100110010110
011100011010100101
100101001010110110
111101000101000111
010110110001001001
001110001101010011
000011110000101101
110101001110001010
011110101101101100
101001111010000100
110010000110100000
110010100101011100
010111010000111110

21
001000000110000111101
100000001100001110001
010111000011111011010
110010110111010010111
110000111010001001011
110110000011111111101
111001000110001101010
111001100101111100110
101101110100111000011
001011000011000110110
010000011000010011010
110010101010110011110
110110100110011111101
110010100100001010011
100100000111000110001
001110001011010011010
000010111000000000111
010100011100011010101
011010101010011100011
110001000000101001000
001000110111000100010

17
01000010011001111
00111111011000001
10001111100111000
10100101011011101
10010111010010001
10000001111111100
00010100011100011
10000010101110011
11011010011111100
00100001001101111
00101000000100001
11011000000011110
11000010011000011
01001011001010110
01101011001010011
01111100101000000
00100100100101010

22
0101001001100010000010
0001010011100011011100
1101001011101010001111
0000010101101000000101
1111010110101100110100
1010001001110010011010
0101100101010110010010
1110010000100101101011
1001011101101000101001
0000100100101010110110
0000001000001001000101
1111100111100100000110
1100011100010010110100
1111010011101001010011
0001100110110100100011
1011111011011010100110
1111011000110100010100
1011000110110011001011
1001101001111111100010
1000011110000110011010
0101100010101000100001
1100111001011001101100

12
000111101100
100110011000
110011110011
001000110111
000101100001
010100001010
010001001110
100011100111
001110010010
011011001000
110010000101
110001101100

5
01000
00001
11000
11101
10100

15
011011110011011
001011110110010
000101000011000
110001001011101
001101011001110
000000010111010
001111010011010
001100000000101
111001110001011
101110111010110
000010011000001
010000010110110
111001101010001
001100010010101
011011100101000

20
00001101101101010000
10110100110101110100
10001000001111111111
10100000111010011100
01010011111000100000
00111011100100011010
11110000101010011010
01110010010101101110
00100001011001100010
10100110000111010001
01000101010000000101
00011010101001111111
11001101101101010010
00011110001000101101
10010110011010010010
00001001101001001001
11001000111010100101
10001110110010110001
11011000011001011101
11011111100010100000

7
0011000
1001101
0101010
0000001
1011010
1101000
1010110

18
000110101001110001
101111001001100000
100001001011001011
001001010000011010
001101001110011011
100000011000001010
011111001000110011
111010101100100110
000100000101011110
111101100000101110
110101111100101001
000111110110001010
001111001001010000
011001010111001111
110000110000100011
111111100011101000
110000000010100100
010101011101100110

22
0010101000101110011101
1011010101110001010110
0001000000011111111111
1000001001011010101010
0111001011110001010011
1011100010110100110010
0110010001101001011010
1011111001000110110110
1111001101010111010000
1010010000100111101111
0011000110011010111110
1000001101000111111101
0100110111010000001101
0101101000101011100010
0100111000001001001101
1001010100101000101001
1100101010001010010110
0001000001001111001001
0100110110000100100110
0001111010000101010011
1000000010011011010000
0101011110100100101010

13
0101001011100
0011110011100
1001110010010
0000000110111
1001001101101
1001101010101
0111000010010
1110011010000
0000100000000
0011011110001
0010001111011
1100110111001
1110001110000

22
0101111001111110001110
0001001011010010011110
1101101101001101011110
0000110101111010001010
0100001010000101100001
0110100001010111001100
0001010010001001111001
1100111001011101010101
1011010100001111010001
0000101010100010000111
0110111110010110110010
0010101011001001000111
0100110001100110010010
0101001001010000111101
0010101100010101110011
1101000001101100001101
1111010111011001000101
1001110001010001101110
0000100111111010100101
0001101010101010000011
0000111110000101101001
1111010000101000010000

23
01011100001110010110010
00001100110111101100101
11011101001111000011001
01001100110000010001100
00000010100100000101011
00001000110000111000111
11110101010001110001110
11011100000011011111010
10100011010110111111111
10101001000000001010110
01011111110010011000111
00010111011000101111001
00011110010101000001110
10011100111100010011101
10111001011011011111011
01101000010110001010111
10111010000011000100010
00110110011011010000110
01011110001010001100001
11000100011000011110001
10101001000100101011011
01110000000101000011001
10010011010010001100000

6
010100
001100
100100
000011
111001
111000

10
0100011001
0010101101
1000100010
1110001011
1001011100
0111001010
0010000011
1011011001
1100100101
0010110000

12
000001111100
100000011111
110100100011
110001110111
111100111101
011010001110
010001010010
001001001000
001100100010
001000111011
100010010001
100001111000

6
001100
101010
000011
011001
100101
110000

12
011110001011
000101101001
010100000111
000001101011
011100010010
101010110010
101010001001
111100100100
001011010111
110111100010
010000110001
000011010100

26
00011111000101111110100011
10111111100110110100010011
10011001100101100111110110
00000100100011001001111000
00010011001010101110100010
00101001100101100000100101
00110101010110000011000011
00010000110010000100110011
10001010010110101011101001
11111100001101011100111001
11110111100000001111111000
00011001001010000111000101
10100100011001101111110110
01001011101100110001111000
00010011011100011001110001
00111111101110000110000011
01100111000101010010101011
00010110100001101001000011
01010101010001100100111101
11001101010000011010001100
01000010000100010101000111
10001110100100011101100001
11101111000110110100110001
11011011111001111100011010
00010100111101100011011000
00111000001011000001000110

14
00011010001101
10001001100010
11011001111001
01000111000111
00010110111110
11100001100100
01100100000100
10001010101000
10010010011011
11010111000100
01010110010001
01100001101011
10100111011000
01001111010010

9
001000110
100100000
010011011
101011101
110001110
110000111
011000001
010100100
110010010

4
0110
0001
0100
1010

7
0111001
0000001
0101000
0100110
1110010
1110001
0011100

25
0010111100100110000101111
1001010110110000010101010
0101101011110101010010001
1000110011110000001100110
0100000011011000111010110
0010101111101111110000100
0101100101001001010100100
0011100001001100001000010
1000001101000110110101001
1100000000100100101111110
0000101110001101000110010
1000011111100100000010111
1111000011010111001100111
0101101000000000100111011
0111101101110101100100111
1101100111010100100011111
1111001100111000011000111
1001000101111111000000100
1110011010110111010000101
0010110100010001111001101
1101011110001010111100100
0011111100111010111010000
0110000110100100000001001
0010011010000000011111100
0101111101100000010011010

9
011101011
001100010
000111111
000000111
110101010
010100100
110010010
000001001
010011100

11
01000101101
00101001111
10001111001
11101001110
10000100001
01010000000
11011100111
00001110101
00101100010
10101101000
00010100110

8
01010110
00101011
10001101
01101001
10000110
01010011
00110000
10001010

10
0111100110
0011011110
0000101110
0010100110
0100010110
1011001001
1001100111
0000010000
0000010101
1111100100

11
01011100101
00011101001
11001111101
00100101001
00010011111
00001000100
11010101000
10000100101
01010010011
11110111000
00000110010

9
000010001
101100011
100011100
101001110
010101011
110000001
110011010
101001001
001100100

20
00100000011010110010
10100101000011100010
00011111001111110110
11001101000000101110
11000101100011010111
10000000001110111010
11011100010000101100
10000110001101101101
11110111001111000001
01111101101101001011
01011010000001100101
11011010001011100100
00010011011001010000
10010110000000110111
00001000110010000110
01010011111100101010
11101000101111100101
11000100110010010010
00000011101110001001
11110110000110110100

13
0011101010001
1010111110011
0001011001100
0100011111010
0011000010110
1000101010010
0000100000101
1010111000001
0010001101001
1100111100010
1101010111011
1010001110001
0011110001000

15
001010101011011
101110111001111
000000001101110
101010101010010
001000010100011
111110101111000
001010000011101
101101101001110
000010100100001
110100110001010
011010011100001
000110001010111
100111001110000
000001101010101
001101010100100

25
0011101000101001001101110
1001010010101011010101100
0100010101001111011111100
0010110100111100110101000
0110011110001000010100110
1000000010110101111100100
0111010011011100011111110
1100011001001111001000100
1011000101001011001001110
1101110000010010110011110
0010101111000001000000111
1110100110101110011010101
0000010001100100111000000
1100100011100010000001110
1001111000101000101010010
0001101001011110111101100
1110101110110100011101001
1000000110100110000000101
0101100001100100010011001
0000000111111110011011011
1101110110101101110001111
0000110100111010010000000
0001000000001010101101011
0111010100011001111001001
1111111111001111000001000

10
0001010111
1000000100
1100010011
0110011010
1111000101
0100101101
1110100000
0011001011
0100111001
0101001000

